001 7 8 3 8 4 2 7 9 4 52 6 9
002 7 8 3 8 4 2 7 9 4 52 6 9
003 7 8 3 8 4 2 7 9 4 52 6 9
004 7 8 3 8 4 2 7 9 4 52 6 9
005 7 8 3 8 4 2 7 9 4 52 6 9
006 7 8 3 8 4 2 7 9 4 52 6 9
007 7 8 3 8 4 2.1 7 9 4 52 6 9
008 7 8 3 8 4 2 7 9 4 52 6 9
009 7 8 3 8 4 2 7 9 4 52 6 9
010 7 8 3 8 4 2 7 9 4 52 6 9
011 7 8 3 8 4 2 7 9 4 52 6 1.1
012 7 8 3 8 4 2 7 9 4 52 6 9
013 7 8 3 8 4 2 7 9 4 52 6 9
014 7 8 3 8 4 2 7 9 4 52 6 9
015 7 8 3 8 4 2 7 9 4 52 6 9
016 7 8 3 8 4 2 7 9 4 52 6 9
017 7 8 3 8 4 2 7 9 4 52 6 9
018 7 8 3 8 4 2 7 9 4 52 6 9
019 7 8 3 8 4 2 7 9 4 52 6 9
020 7 8 3 8 4 2 7 9 4 52 6 9
