7 11
0 1 7
0 3 5
1 2 8
1 3 9
1 4 7
2 4 5
3 4 15
3 5 6
4 5 8
4 6 9
5 6 11
9 16
0 6 2
0 3 3
6 3 3
3 7 4
1 3 5
1 7 3
1 0 9
2 0 8
1 2 7
0 4 6
4 2 4
2 5 6
1 5 4
4 8 5
8 5 5
2 8 6
11 25
0 1 8
0 2 8
1 4 3
10 4 4
2 5 6
10 5 5
4 5 4
2 6 8
6 5 5
0 7 6
7 2 4
0 8 4
1 8 3
1 9 9
9 4 4
0 3 5
1 3 4
2 3 7
3 10 7
3 4 3
3 5 6
3 6 4
7 3 3
8 3 7
3 9 1
13 24
0 4 3
3 4 7
0 5 6
6 2 2
2 7 5
3 7 2
8 12 3
8 6 3
7 8 3
9 12 4
9 5 2
9 6 5
9 8 6
10 12 5
4 10 3
10 5 5
10 9 3
11 12 6
4 11 7
11 7 1
11 8 5
10 11 4
5 1 3
1 6 9
17 32
1 2 5
3 2 6
2 4 5
5 8 2
4 5 5
8 7 3
5 6 2
6 7 3
1 0 4
0 3 3
2 9 3
9 4 3
5 9 4
10 7 6
0 10 7
3 11 4
9 11 1
11 10 5
12 8 3
9 12 3
12 10 4
13 2 6
4 13 3
13 5 5
14 7 7
14 0 10
15 1 8
15 13 4
14 15 5
16 6 4
16 13 3
14 16 6
0 0
